3
42
30
1
1.90491496511
-0.557813765069
1.49703435971
0.807416562741
3.25327878373
2.4876784265
-2.41311384768
3.42431321222
0.0200643732124
0.176440565667
-1.08445816323
-1.87272991757
0.125262937497
-1.756645754
-2.15492884027
2.34026369714
-0.406020964641
0.256555380352
-2.09058916588
1.44280157084
-0.518413465364
-1.6607999102
-2.20868044839
-0.453546572744
1.25681178095
-1.07753484948
0.615714876311
-0.11096107392
-2.30770075538
-2.45702761637
-1.06121111068
-2.41054195133
-1.49923296117
-1.43862728669
1.01809451809
-1.49093714852
1.05724298653
0.092877592228
-3.0830996433
-1.22285746486
2.57102568185
0.521412778988
-1.67621346418
1.18638848801
-0.127460931139
-1.35619924205
-1.12719816594
-1.66142042907
-2.01921737773
0.591579691171
-1.49614026181
0.21735909652
0.229197168382
0.186603661608
-0.350485754227
0.914413533309
-1.11092794075
-0.747898525475
2.85335970161
2.19897641393
-0.65654931347
-1.68795220989
-1.66120382947
-0.792126194194
1.83542081831
-1.52403748512
0.0108589903281
-1.38487751094
-1.32733361045
-0.873242918318
-3.34098998306
-0.0399507822132
1.52973782954
-1.17184235357
1.22708731919
-2.11527049168
-0.923085487304
0.127554305888
1.07367843503
-0.324697493137
0.00534818306649
2.56028344582
-0.691339674516
1.72379287645
-1.40447330317
-2.29454831396
-0.817145493344
-1.01156685882
1.38658703703
-1.17399833764
0.676256721345
-0.883119760165
1.04415957601
-1.79462246604
0.827475293447
1.29667354443
0.722158514764
-0.83610190515
-1.83877364548
0.243777987596
2.00286013538
-1.62014242104
1.39993926312
-0.0650498099304
0.0385540691382
3.70722755194
0.802183650175
1.37241954998
-0.452105831459
-0.0501814646721
-0.784954604667
1.90682092041
-0.328126892347
0.800531839783
-0.230310596965
-1.04386461932
-1.70394397864
0.0915566071192
-0.92165627519
2.22089962303
0.72020759812
0.0120785925106
1.36642424214
1.39117083554
0.904196285295
-0.00677504946867
1.22169053822
-0.56470967165
-0.60197154184
1.06534659879
-0.113786224454
-0.687584032272
-0.322868688666
-2.03667751722
-0.156182779929
0.376554928815
-0.21623063086
2.3809499112
-0.844584603139
-0.363687458239
0.781333954613
-0.59819561634
0.599399286429
1.88379240275
-1.78928921701
-0.761914625144
-1.54394627904
0.570037668955
-1.10268106823
-1.26910689893
1.52276189864
-1.68124864569
-1.63523727661
0.790763500976
0.997237953902
2.90913386084
0.356960867649
2.42118501679
0.413470192885
-1.58073845081
1.05530005892
-0.885862831126
0.757344716034
-0.42814339552
0.677902791115
0.896753381962
-0.359431508461
3.52363812662
0.723204245275
-1.3397353501
0.171846628965
-1.82201468479
0.256488687892
2.33221730064
0.0674567075821
-0.0380159747829
-1.38241630327
-0.49620848503
0.643119926327
0.491226608153
-0.483494131459
0.968303924406
-0.340162894014
-1.65513850118
-2.13469207906
-1.81480408986
0.344757489304
-1.39705299306
-1.59573895883
-0.0990935617976
2.19367548668
-1.14142251051
-0.783659640925
-0.320051213022
0.810282599017
0.788506728875
-1.80409867322
-0.453505399397
0.711634551557
0.443774573372
-0.17794464173
0.0152862775808
1.66153885266
-0.101569548847
-1.0081565529
-0.0162572538542
0.615574394661
-1.02003920456
-0.671215528837
-0.325638935186
0.636516632442
-0.472054729835
1.26282835115
0.535615554364
0.887111439907
-0.216019228337
-0.830296896727
-2.0246373057
-1.64918427476
0.188615989379
1.95079381347
2.7828210073
-2.87090866511
-1.94220587682
1.81624873176
-1.46446976284
0.724055349829
3.35221224297
0.645553109873
0.547068969105
2.10391846231
-3.00834204743
-0.117155135075
-0.875528467429
-0.389104335586
-1.92734012059
1.9903741218
1.16048036619
0.0435032861732
1.23424671216
-0.466330282058
1.12876146287
0.0832347480669
-1.343776892
-0.671368072505
1.60975485701
1.66763937792
-0.676231448037
-1.60448569142
-1.71604566165
-2.33209964781
1.81337773198
0.889887244437
0.00495656734655
-0.0214174290686
-0.663051564347
1.41814053419
0.61192210266
0.5890832489
0.543190402415
-0.558833795452
-0.287666431215
-1.62465802099
-0.299102462976
2.98047458596
-0.342771208228
2.35609954554
1.2046277752
-2.1187373037
-1.87522316246
-0.731662254872
-1.02949651303
1.37419881088
1.47996102578
-1.276459418
0.765981417121
-2.01093930959
-1.47515952077
-0.335847298899
-0.777790981289
-0.171834309322
0.0358304762078
-0.263954228701
-2.7103743872
-0.924291392987
-0.327367177211
0.25080782164
0.516997585037
-0.900980914026
-2.09339360652
0.275966520882
-2.28682688467
1.24618483898
-0.0492609921498
2.7370490029
0.0802889044569
-0.85015584203
-0.193916772074
-1.35463439796
0.439825747041
1.97448828724
-0.76522050654
0.34558887427
-2.3697567287
0.231851956018
0.344229067138
1.33364711846
-0.769389387929
2.36515464537
0.0707507061303
-2.32635985668
0.266919610277
0.327578813784
1.02158495315
0.0263801173717
0.801977744335
-0.201514586927
1.78762737013
2.8930599954
-0.399265736373
2.95445894755
2.14040898491
-0.346854870164
2.11322653762
1.34774378006
-3.27265950052
0.210305590809
-1.2451199529
1.13527311024
-1.55942573798
1.12658421239
1.21765330197
0.181275186433
-2.09096161407
2.46870048106
-1.29514379699
-1.81059887196
-1.43909176414
-0.129908089428
0.544679316914
-0.883201096045
-0.717314508123
-2.30782417981
-0.304203471157
0.722883497291
1.75714448713
-0.306083872512
-1.32708203167
0.456381982546
-1.79996668663
-2.33203909854
-0.857452640726
-0.608319964106
-1.38424568187
0.810202600374
-1.98637887865
0.461638008931
2.57326702845
-1.05957547323
-0.266596285758
-0.625390544118
-0.593286668168
-2.42438842043
-2.22770041668
2.25215616621
-0.425706760203
-1.10275008395
-0.423340025879
-0.45393604572
1.14688135627
-0.884263534941
-0.431155786878
-0.555738991679
-1.03179903114
1.66380255324
-2.03546524202
-0.8244384011
-0.0380272682664
-1.40243908224
-0.968921094728
0.745935091537
-0.500024417284
0.333493605743
1.17928440526
-3.12759010239
0.821150801267
0.747216843239
-2.04769315789
2.13667735472
-0.406125696964
1.11396797054
-0.57162073799
1.46423529103
0.605314925575
0.679612494233
4.12087337466
2.70998186337
2.15170057037
-0.0913636341449
-0.570871683469
-0.659099335168
-1.71249257391
0.828354318514
-0.040573077922
2.52498440842
-1.87576933076
-0.089699533146
1.16587053436
0.721628329546
1.21944299846
1.85274745673
-0.159877409108
-1.3584759442
1.54768705612
0.409042000269
-0.805589873563
-0.758987758801
-4.08339673295
-1.93143045093
1.06469497543
-0.7079972626
0.202885338927
2.78959570897
-0.600534696854
-0.222344253989
-0.779044562961
-0.766993749637
0.8037235596
1.01216788685
1.86179591662
-0.0385275765582
-0.440105199063
0.177406565234
0.265085145029
2.18934735005
-0.822782540547
3.06966059482
2.15179395355
1.59491330619
0.387128145695
1.32405495181
-1.42288149596
0.48993409053
1.23668214485
-0.610463905501
-1.39987500641
-3.07897471017
-1.55160654086
-2.64413241186
-0.475756608076
-0.859815285507
0.117212084526
-0.835926351211
-0.222743921296
-3.41302600151
0.0143239309692
2.78748908203
1.45181075994
-0.0778498040189
0.726667317703
-2.00057566135
0.986944308598
3.07654821754
0.582257055118
0.191713651817
1.94362595369
2.14238847864
0.34015779658
0.219620362336
-0.785795649517
-0.268111780444
3.35965551978
-3.17086582098
0.0345595012761
-1.08813864587
-0.382967055958
0.86613979185
-0.311238142829
-0.434548461536
1.65306499255
0.671607798462
-1.05677869591
-0.144293929779
2.8095078278
1.44275963299
-0.480859889262
-2.56782391414
-1.89450174327
0.639146737053
1.73709234942
-0.541548510316
0.24636970556
-1.00777931414
-2.1437965696
1.25300506059
1.28090398148
2.80413937478
-0.606100778606
-1.68572493817
-1.06384793196
-1.75922311939
-0.956250392895
-0.129369974187
0.633271203734
0.646562315913
-1.01839759761
-0.148312121679
0.481503198504
-0.343547133392
1.32893932393
0.489523370467
2.15201379072
-0.822345167719
-0.478490247552
2.04450449999
1.29852344456
1.0872815972
0.714530288547
-2.73956047763
1.98463251088
0.215124791447
-1.821485936
1.3066876463
1.65833527372
1.17940296721
0.745190481194
0.414554589125
2.61155577678
-0.576504780951
-0.601446362004
-0.0954690049595
-2.44740777947
0.695463721345
-0.145868717516
0.150550266399
1.44972759984
1.61887693943
-0.820980783185
1.59078356035
2.11360468919
-0.333951235841
2.27924633112
0.935866031076
1.47198887222
-1.49749492355
-0.0577097157799
1.0170773024
-2.3218390762
0.276573004003
-1.09276651503
-2.49130134049
0.611291279545
-0.314297168601
1.1252079866
-0.4839560094
-0.194578585094
-0.203691419755
1.73462817398
0.638844971987
1.86071837279
-0.848885129616
1.04797962682
1.52566386986
-0.968500759736
0.769952867225
-1.11457191307
-0.535212963104
2.17435330128
-0.523628285378
1.233819757
1.28650093829
-2.18940385117
0.268604959818
2.96005577537
0.0668435838375
-1.65672386647
0.368889703223
1.30404436171
0.374871075718
2.767457431
-2.89963642121
1.09564180837
0.836836781681
0.118753042673
-2.46267726241
2.0532324923
-1.07828454738
0.789084589285
-0.318348744328
-1.41658905135
0.227316128493
-0.233114275427
-2.02090658799
-0.32308219996
-0.119386514273
2.83033196123
-1.86186846315
1.49851744523
0.679413591047
1.21595164072
-2.12186022759
-0.435395645185
0.257296598068
-0.551085011085
-0.82546451036
-0.47826071446
-0.387471716049
0.198486940349
-1.26364585605
1.0890356717
3.15896117415
0.279275843537
-0.981158539843
-2.37806428855
-1.51018855844
0.589676283603
-3.03255488414
-0.394921450356
-0.206010003679
-1.75115315798
-1.37348644256
0.996678765232
-1.98488133573
1.30974794338
-0.760627441634
-2.96785924247
-0.475702705141
-1.72282947292
-1.57803231325
0.73849888215
-1.26642306801
-2.75472393722
-1.34336316282
0.917423615277
-0.635258115861
1.7824031527
1.00308563055
-0.390573803223
-1.67643299476
-2.25258502686
1.3267501564
0.794578445941
-1.22953830592
-1.72429442732
0.326617602476
-1.41874740344
-0.535539274303
-1.25308760456
1.70811099552
0.780161712646
-1.40919690292
1.39504096444
0.221559730016
2.52765201296
-1.37955244551
-0.12392058543
0.966366525715
2.00944249553
-1.2540010054
1.74395303885
-3.43267044174
0.374978560119
2.37588267853
3.82184326595
1.04292791641
-1.30463272351
-2.70465202598
-0.102663287245
1.41604685412
-0.336987959777
0.464092869751
3.44798147598
-0.112907545941
0.759143600175
0.376688415629
1.11301163955
-0.750652728609
-3.95440815207
-0.0521088823092
-2.42669019033
-0.466275096198
1.49939617448
-0.780431793088
1.14882790247
0.713774672355
-1.25904806532
0.990764947609
-0.802248065842
-1.03136245488
-1.13108893773
-0.947564447671
1.45827001301
0.831560659147
1.54828892929
-1.52473070907
-0.595377327428
-1.39226616764
-0.27748895195
-0.230468656323
-2.66468837015
0.226980370841
-1.51529102393
-2.09047544742
2.29061247934
0.161225801669
-0.498926473964
-0.386216545577
3.2700860807
-1.13591528137
3.45945347466
-0.583020766592
-1.01785735137
0.00513460849545
0.31122796559
0.563280270248
-1.52209220103
1.34348301764
1.06275877394
-0.769596487703
0.546977107338
-1.26325561092
0.742814153279
-0.0164503963781
-2.5469730495
-0.86527181947
1.12329051846
0.530965283049
-1.93032310736
-1.23764510184
-0.133808660583
1.47341149928
-0.00853747456047
-2.13937247424
-0.340777908278
0.692693302575
-0.797836241872
-1.15946453378
-0.252151075994
-1.29993333744
0.749950628657
-1.41000446233
-0.109430609605
-1.94802180978
2.18513087703
-0.164803860927
-1.35369899559
-0.586342935825
0.938624705352
-1.40672058973
-2.74169221463
0.622729901434
-1.13428635394
3.8961545593
0.317074247118
0.0527325906207
-1.14111907788
-0.757591810842
2.34124259215
-0.452645374885
-1.10441656168
0.424716763026
1.26357997299
0.0246989256327
-0.594081682566
-0.0254346093753
0.76444716756
1.60968946816
-2.54544160802
0.754866992393
-0.126370069137
0.408039857829
-0.635746437832
-2.35893011327
1.46699262421
-3.15343113086
-1.38892914237
-1.35771751745
1.42817650733
2.09794732998
-0.739611259906
0.868149156638
0.242327856825
-2.56121129413
2.7842789257
3.37725497629
-1.79835482092
-2.53721357008
3.74416218079
0.583019051377
0.460192875636
0.239877193528
-1.12692947081
2.19657670923
1.28919800825
-1.31868379649
-1.90379005426
0.98736643435
-0.247941089729
0.667798173133
0.109913615163
-0.468854079939
3.3600793256
-1.01768967457
0.98949191604
0.389641707814
-0.200495929502
-0.746229903565
3.71771305584
-0.327821876407
0.872955033296
-0.204949778741
1.80902435359
-1.44909319038
1.1832281909
0.16994708199
-0.491456482104
-1.03120529992
2.72247698819
-0.231794223574
-1.81024963266
1.24467122922
-1.32803109674
1.56900694323
1.86484407975
3.26500088659
0.533708224871
0.650844555419
-2.18874441147
1.35911445894
2.2597821314
0.123384721029
0.327182608168
0.116790811339
-2.14783515067
-1.23847715552
1.43087658999
0.176010340969
1.9243520193
-1.45712505652
-0.206015092103
3.86484187936
4.02137782574
0.542662783309
1.3207403353
-0.594551087982
0.492702816003
1.43993378465
1.35537006453
-1.7870582864
-2.07032547423
0.0945592534879
-1.91988435679
2.25040894911
0.0710395058383
-0.066339843306
3.89706250019
-2.00882557803
0.117252042862
-0.934670303904
-0.118264853666
-2.82992164317
-1.11068335499
1.24616087771
-0.122523432564
-0.823350529504
-1.4519120279
0.150923405741
-0.383308612359
1.57494093025
-1.46055378313
-2.32448450844
-3.11077064703
0.461761183354
-0.591471721812
-0.360370772257
1.06294878974
-1.8481920356
0.437934820313
-0.753987156491
0.992429916989
1.86414774187
-0.296222848875
-0.706531533633
-1.03095338497
-0.724026981018
-0.431682117721
-1.13342714885
1.03446976484
-1.487194668
1.27942321177
-0.254375792622
0.42888545605
2.83345310553
3.17767331511
-0.548659496852
0.277048110946
-1.07485854376
0.946706648342
-0.910865391344
1.71975088655
1.13304657637
1.38005932547
0.570098103545
-0.128448862577
-0.665439773665
0.346145342524
0.925258798057
2.14665500925
0.952274651853
-0.592252421867
2.02730184385
2.44442115859
2.25291789272
0.0709897648328
-1.63545164337
1.63598699669
-1.34261889006
2.02972620005
0.103107516382
1.06996197535
0.769796723666
-1.68265641759
-0.889051342116
-0.970792177848
1.43230383519
-0.923135948359
-0.872116469062
-0.914617954183
-1.31466852453
1.31830206683
0.22272769601
0.952705968779
-0.242204450065
0.484198333256
-0.174840216264
0.284184861876
0.319182051648
-0.356472407456
1.29062470705
0.725476193987
0.595469613178
0.725342531861
-0.535966525697
0.863756772275
1.94533380351
-0.261549082447
0.554911536388
1.89435480939
1.65055972883
-1.23101795529
-2.56676798354
-1.2295451156
-2.90318470478
0.327134005805
1.73736107294
-2.37949181423
-2.22773021364
-0.997867118791
-0.638747202407
-2.05162954471
0.819059791619
0.394423526111
-1.52936819032
3.10041857694
0.92855411857
-0.260765396962
-0.67939067247
-1.12797165533
0.278357050977
-2.5487000225
-2.25801449473
2.64203154317
-0.57069703027
-0.945709490899
1.35530540894
1.12816031573
-1.7829753908
-0.611585318974
-1.51867694651
2.21098861528
2.33048626898
-0.580059061251
-2.89681948486
2.68887625575
1.54793908604
-1.19518963413
0.250083251001
-0.510351774492
2.10804784629
2.46622105222
-2.25619672219
1.2371581928
-0.0674473447525
1.44998405621
-2.30740766717
1.4703986343
-0.424011865945
0.88171354977
-1.51680429085
0.556899625786
1.47199336875
-0.502521236208
-0.80497512438
0.145743615823
1.38406186964
-0.0616680654693
1.10947963714
-0.41106496527
0.421903393935
0.684696311138
-1.86195040616
0.229094355019
2.22800816957
3.70622599993
-1.16158866488
-1.28603666845
1.76232263301
0.134160927122
-0.0154450831353
-0.315833373168
0.72617525545
-2.55990215565
-0.0985309555044
1.3191845889
-0.0282537508008
2.93500106813
1.04509150392
0.816683567137
-0.125171357334
1.44364305544
1.17608944473
-2.5989845203
-3.54291252132
-3.25497645166
-2.41987978991
1.30728281846
1.82746691706
2.028920877
-1.41502101597
2.96437590514
-0.579452398307
-1.77508533976
-1.52571845698
0.199769952641
-0.928861638907
0.444695668316
0.334641641236
1.86180118975
-0.340558662074
0.397739217732
-0.889581391815
-2.24472758154
1.2385068019
1.55760882848
0.458066613423
0.848398430785
-0.263397245202
-0.175020796558
-2.30365091166
0.260623276044
-2.22854531462
-4.05051335695
1.90119681757
1.57483576348
-0.556111480088
-0.321878405765
0.853933311868
-1.58769585977
-0.455919315808
-0.588414914431
-2.04284812012
-0.725949810686
1.69853737656
2.56397400666
-0.505445099136
-0.710569054185
1.46251754967
-0.169324240676
0.674933305382
2.85137455075
-0.388942330517
0.532044504907
1.56531753964
-0.611716015843
-0.835950281211
-0.196000264157
-1.29389447976
-1.08049897864
0.08101614184
-0.942121545172
0.390130448806
2.66604552476
0.217115897497
0.406625130742
0.722452575384
1.6400639251
0.490668910412
-0.151494142423
-0.474277635588
1.32467486308
1.38896262799
-1.02084249062
-2.97597356834
1.5738709834
1.15569007908
0.391073114311
2.43205991843
-2.46913342294
0.358955441025
0.168660573261
-1.77077694652
0.415054541356
-0.20602224062
-2.07343859503
-0.332627008943
-0.0273557994597
-1.43921186715
1.95820958569
2.66357412519
-0.524475813029
-1.15665275399
-0.418845826198
-0.0261986907651
0.0452871655559
-1.62613809044
-0.800059273135
-0.0392062869289
1.02095787731
-0.126585150911
-0.0569806722155
1.27664883332
-0.710325333149
1.21731710245
0.386891675899
1.44583407087
0.287341471755
-0.0263121877166
0.273223692145
-0.367111334386
-0.684525089622
0.773350812055
-1.73349276566
-0.908370542024
-2.3183594355
-0.587406491054
0.273457975519
0.0531792012618
-1.4885227788
-0.955987442249
2.1496409527
-1.40046525115
0.295372831902
-2.18362282638
-1.06564536754
0.353665180798
-0.526636846015
-2.48488772979
-0.0561974109724
1.8380057008
0.847137383054
2.02158326018
-0.820519177485
0.245057075188
3.27200994146
0.154139982832
1.06028258191
4.77017564132
-0.108454257965
0.929700503394
-1.34976392711
0.0369765085841
-0.49642739782
2.30565680678
-1.6733077026
-2.97714478673
-0.27305111794
1.00307529838
-0.209794070318
1.26796884799
1.20928988753
0.907771474406
-0.543938045587
-4.13015232595
-0.538151798483
1.52084057688
2.02531962986
1.98732708199
2.77597762579
2.00770328607
-1.95702148055
2.31814199704
-1.87922517524
-0.380832045924
1.01103281089
2.05292840595
2.20769658355
-0.293663956978
-0.812877984265
1.7469965183
-0.368487107514
3.00845896999
0.074709922661
2.08013590563
-2.76780061524
0.0725206922505
-0.650767470923
-4.50844382801
-1.39504229622
1.23554625491
-0.79078661854
1.35404596032
-0.887997293201
-0.53944527589
0.908171755832
1.64158605737
-1.51883048152
0.980845334203
1.38497770299
-2.43193215329
-1.46507651313
-0.353823975935
3.56377277658
-2.19271757806
-1.38262228112
0.89651562019
2.06018417872
2.50340273336
-1.98979945577
-0.655003636518
-1.78697535211
0.530887742215
0.146189772253
-0.489961653531
1.49004875638
1.96742636318
-0.192496404459
0.565662524739
-0.476028462787
-0.989435754717
-2.63433468742
0.30807178451
0.316729009656
0.230412251789
-1.86682642438
-0.307533511678
-1.43732682463
-1.09450695514
-0.278065844569
-3.26387824499
-0.153953219881
-0.945387822717
0.644672618978
-1.7252956352
1.46195244183
-1.04294541612
-0.720814233945
-1.58570137622
0.0885295817256
-1.81280988951
-0.108972379242
2.31054636394
-0.650535469129
-1.0401020292
1.82639393247
-2.96204333327
-1.99645570968
-0.43800819498
0.134761517922
1.11735707419
-0.908716419991
2.46236728061
1.96141654111
-1.53443810092
-3.01313618221
1.99911715663
-0.0229878811546
3.23704662373
-1.55105055971
-0.180669695629
0.608948231872
0.257166780377
-0.268030761063
-0.0848790598979
1.30732941235
-0.217398922373
-2.97750522923
-0.533960415344
-1.77090918048
3.47476445992
-4.33354774645
-1.56385337872
0.670900233793
-2.01457367456
-1.84847796947
1.84942473435
-4.9902001766
0.725894593134
-2.60145078569
-1.35293133666
1.61017060584
0.329413622856
-2.71395580556
-0.207723065869
-0.373042928984
2.48585468781
1.20745225501
-2.57599212162
1.54413131708
-2.79676886504
1.18150734522
2.11573069435
0.893973761285
-0.0276229090811
-1.20793053215
0.131664229156
-3.03756562694
-1.30182790973
1.46788282512
1.94508621232
-0.868427239183
-2.17669625722