3
42
30
1
1.98881165476
-0.773952229095
0.411337569064
-0.157242451338
2.06562058577
2.59267403328
-2.52844396341
3.73115745516
0.886921683493
0.724788837544
-1.403488411
-2.41308848652
0.0246522363139
-1.61511708869
-1.47482844675
1.59565514751
-0.761437388861
-0.284427057748
-2.44702145757
1.45024208063
0.99933142544
-2.02238262785
-1.4608410094
0.228688502117
-0.141999131701
-1.28990762529
0.39437994997
-0.0496389691453
-2.46934565742
-0.770664852138
-0.972495389493
-1.84998176598
-1.59916072714
-0.0647981987632
0.973583672055
-1.34318800928
-0.41435181241
0.0206011336798
-2.35294931654
-0.0393413153373
2.23150253636
-1.07997962916
-1.58620523359
2.23544981186
0.0171445479896
-0.689903922732
-0.233675478722
-1.51582674519
-1.30573166452
-0.637202806227
-0.421662578094
0.397871718839
0.122588751469
0.687462279406
-0.3072313554
0.535414256435
-0.522466712755
-0.706571393667
2.03182113339
1.74500694221
-0.651027531851
-1.99586932233
-2.02696359176
0.0252639652197
0.626046534462
-1.11967436794
0.536306380658
-1.42361301781
-1.03507584339
-0.490775536465
-1.49078700934
0.522218263572
2.43517199678
-1.6732800546
1.56553978533
-1.48201738805
-1.41667337341
-0.850027681834
1.74053850473
-0.537233503056
-1.24098710006
1.14918385883
-0.481990393401
1.35092679206
0.347714174477
-2.46422489109
-0.872106762791
0.5056175637
1.362381935
0.226399281723
0.802763611427
-0.908574395436
1.16713055184
-1.2823951441
1.06010473759
0.248708306476
0.454625456787
0.551115351379
-2.74704555436
-0.116595005634
1.9834036826
-0.970510670104
0.895707556507
-0.992753818652
0.118490480829
2.90280771446
-0.807982705519
2.01285128242
-0.46837815004
-0.279550044314
-0.641802910099
1.15045832105
-0.579570463731
0.813515411554
-0.68022266233
-1.26742027142
-1.55565437611
-0.626932470928
-1.04221132564
0.779385804356
-0.10014539193
0.856241530053
1.78883873099
0.500209163052
0.941413255633
-0.403763167751
1.99367969336
-0.244441486556
-0.529257069537
0.802286726648
1.06016323045
-0.585829654748
0.992320989916
-1.81314411411
-0.660448821949
1.08421035094
0.645907614943
2.12635494055
-0.299601233585
-0.606401843488
0.252872990925
0.0556592628661
0.338324472487
-0.587051668967
-0.806321642302
-1.66555438562
-0.74880336113
-0.69042321337
-0.67091131115
-0.151277425873
0.383730596755
-2.15016816161
-1.0538419588
-0.15229460981
0.191334780937
1.99224369668
0.090249191048
2.09334121501
0.0596793574851
-2.11182716851
0.129861713761
-0.682794508311
0.199574975952
0.927877746133
0.575956255547
0.228836551023
-0.362395856672
3.33823411466
0.0037339684861
-0.643690790686
1.03149265248
-0.564830564331
0.171977862683
2.51793465484
-0.432103900853
0.223392183953
-0.833125894464
-0.617440074911
0.568368628267
-0.634054658247
-0.387328175621
0.609998559851
-0.546886507334
-1.57101857437
-2.1386708937
-2.5031982799
0.46382582078
-1.49988565028
-0.840309775037
-0.0799438308405
2.0316855205
-0.813499694714
-0.150500202582
0.692330659445
0.765496253487
0.172265225419
-1.93903883704
-1.13123723994
0.570482399826
0.985373281563
0.1243953343
-0.241726449658
1.84304866068
-0.122062749349
-0.827874620426
-0.0699626617369
0.00278109613405
-1.64441437237
0.596363435738
-0.0661571137702
0.397718277314
-0.102504168431
0.495217020682
0.0481402168292
0.103402250851
-0.577945302318
-1.10570785223
-1.46312916538
-1.30141831277
0.501753630626
2.16442434006
2.80881544617
-2.73839892992
-1.60356516536
1.25877682955
-0.903393541414
0.379475733044
2.607843463
0.502466267721
-0.0351959966824
1.82403136151
-1.93141511984
-0.0465383104941
-0.094468209121
-0.752976302417
-2.65856543851
1.43400304883
2.5557119984
0.270010919315
1.93330298208
0.297553329613
1.76339292449
0.110934821068
-0.635007813296
-0.494557753812
1.73735318881
0.518222133414
-1.66923934755
-1.62565201606
-1.40726752707
-1.56179594073
2.39461673985
0.355382168832
1.05549644174
-0.239673379459
-0.97413510071
0.534532306858
0.467013198503
0.647371542156
1.61925601106
-0.532380944621
-0.600217648501
-1.58001123199
-0.72005412553
3.72012889614
-0.42786213089
2.83215945148
0.552855454755
-1.10859474003
-1.76882011377
-0.921814922378
-0.18010050668
1.26841564012
0.67216619036
-1.49626340987
0.466550010579
-1.64397875384
-1.8696945766
-0.389918607802
0.811210082343
-0.285470237069
0.573119355678
0.428266553054
-3.13228619569
-0.536685673102
-0.333149604102
0.210151645905
1.00043221104
-0.678323405839
-0.579720575637
-0.508072027419
-2.76039710135
1.82446161001
-0.0848637793976
1.64831251335
0.062212995982
-0.648397100438
-0.23065885514
-1.72403567767
0.374455737939
0.860266610809
-0.982778541128
1.12165002829
-2.02302258701
-0.461993772795
0.751204004071
2.24072265496
0.0977662725936
1.61172274928
-1.7660001634
-2.31181026839
-0.471432549638
1.59420470487
1.6055549716
-0.870167770709
0.371584437321
0.192785265931
1.19247481216
1.16439323741
-1.20001771229
2.1725207488
1.61427706049
0.148364728664
2.03765851892
0.714242805441
-3.48944123949
0.430323817971
-0.762894114582
1.08591331221
-0.96619421253
0.991260574722
1.23352345931
0.578063255737
-0.345784477308
2.30490761361
-1.53643997065
-1.17823797532
0.0689479785783
0.0293238179439
1.30543882516
-1.8336001801
-1.90484198391
-2.40971641597
0.874970099781
0.601820048458
1.36226694356
-0.0166852416432
-1.68470870817
0.310064651278
-1.44752953013
-1.77129239885
-0.374691378142
-0.228267400958
-1.44231913679
0.661280164472
-1.20101223554
0.966664641204
2.58894568815
-0.592202569382
-0.103311666932
-0.856051748901
-1.26473551045
-1.9796423376
-1.79219131157
2.11428228248
-0.10497109052
-0.266701978068
-0.624277297341
-0.746537018347
1.76575397822
-0.319020184612
-0.364465227368
0.00559393276951
0.151894808629
0.981174933459
-1.54563889518
-0.38116548317
0.288085392637
-0.629767790226
-1.86937642725
0.623721558044
1.1620191228
1.19934168016
1.47834321934
-2.4698893112
0.744424331945
1.07463907843
-1.72508140325
1.66992388724
-0.270182526638
0.411788110411
-0.417651811736
1.81581051877
1.1182201467
0.314543716015
2.85063797958
2.45094951563
2.28920338787
0.519278149404
-1.20980426366
-1.38040107594
-1.48697009802
1.41160634506
-0.20255577734
0.529657931379
-1.02943311115
1.33537192032
1.40427169868
0.306141648578
0.779191922818
2.22704191747
-0.278108684504
-1.72070934297
0.624013318038
1.38947359109
-1.40002038854
-0.796958117612
-4.50582873578
-0.785586701718
0.497133781538
0.0466888121133
-0.547507810628
1.42095227107
0.376011550852
-0.629731679988
-1.22050622306
-0.772373300259
0.562680646363
0.176759527229
1.22051129225
0.28098331781
-0.398868793267
0.669854359743
-0.0872683735097
2.03262136129
0.0782463025288
3.26826854629
2.15024287532
1.35395918124
-0.324980645437
0.752082288671
-0.828261033645
-0.574726379936
1.61326492745
-1.01227628506
-1.5813486586
-2.38238228486
-1.67437362259
-1.39130180379
0.401374344662
-0.581479526469
-0.603080088351
-1.80035891779
-1.02076390699
-2.55545685577
-0.0932623953085
2.26313228284
0.95649715485
-0.983258486967
1.14349856161
-1.68309376561
0.629809575167
1.1174987446
1.25002469192
-0.399473896831
0.981227904346
2.17813321064
0.250568987608
-0.316108488881
-1.22771020807
-0.183087841535
3.50724620425
-3.24676469639
0.246513434219
-0.642056782004
-1.04398265205
-0.336137981659
0.451549341592
0.163834687967
1.19799301973
0.925421011296
-0.0603149718019
1.21943254635
1.83198915195
1.3089386961
-0.0760058809833
-2.58992092697
-0.954975990985
0.835277260145
0.847344952354
-0.392998671079
-0.80021626739
-0.86699408084
-2.10485430021
0.457408931124
0.874307617182
2.36371751369
-1.27345898355
-1.32364669958
-2.21013740987
-1.62729339992
-0.178384070469
0.210814693764
0.652198304198
-0.162158679579
0.308599988875
-0.134782954443
1.11596897606
-2.17154565977
0.675559148805
-0.522740104234
1.56969749316
-0.868777108116
0.0491797187456
0.940077105718
0.788375484117
0.584079314599
0.790868368731
-1.7559388696
1.50295828174
0.593757645184
-2.49201119823
0.0305954223106
-0.152267873411
1.09896664475
1.08329330488
0.0457178548079
1.36993749229
-0.994123856264
-0.50925521469
-0.19091056424
-1.47189730208
1.09750905398
-0.535960907689
0.616359515139
0.672221298117
1.18953031216
0.177977036316
1.05797065416
2.10892366202
-0.362332379689
2.51803263394
0.273130099317
0.269018250032
-1.34235069327
-0.14129377664
1.58439164837
-2.33510075493
0.42048190158
-1.56928866804
-1.2657868124
0.344507607479
-0.47334570039
0.550472084084
0.606803950917
-0.433792364679
-0.354307748474
1.28497128223
0.418824501768
2.13817494444
-0.552612596427
1.03282302436
1.53127089165
0.473247179606
1.8550699251
-0.675755972496
-0.657937080798
1.09151220161
0.0429853901875
0.48251269597
0.112044993986
-2.82216804767
0.18099860167
2.8733424949
-0.442448706645
-0.987458187197
0.0300853929304
1.40554197667
0.178072667635
3.13074204113
-3.7408998372
0.408621176191
0.949874127745
-0.159280434622
-0.949919928522
1.62102700835
-0.638934585996
0.368615109669
-0.401221113979
-0.87975047504
0.413413982965
-0.077862161514
-2.3479878161
-0.45037674854
0.144975727284
3.13676102767
-1.83982892201
1.26507922306
1.59489707965
1.55196054678
-1.33847262875
-1.09891307305
-0.415807484312
-1.28513965391
0.283668302813
-1.17667679685
0.71856768354
0.306983387932
-0.439809855706
-0.867543673647
2.20913665598
0.39576631699
-1.43723309024
-1.78782152769
-1.09668088504
-0.342573991083
-2.58568588677
-0.10108749345
0.594393579243
-1.15055408601
-1.34508648161
-0.0409374105094
-1.54855523327
-0.227516647749
-0.18575479182
-2.89402875279
0.258998008325
-1.37089005718
-2.81417552579
0.502860943213
-0.690374159097
-2.04431042635
-0.852892625242
1.19802196822
-1.69825213552
2.21145166115
0.45069817722
0.143573990863
-2.40920778114
-1.35911446167
1.45527835521
0.251198265778
-1.40941643799
-1.57388873688
-0.0246945452899
-1.56779850059
-0.710845125817
-0.314465018015
1.47118810457
0.787344054019
-0.0414521348791
1.79688562377
0.213873160059
0.977424546356
-1.76343147213
1.53038664478
-0.640831778767
1.83123302288
-0.959186815008
1.90836348547
-2.24083851701
1.13597222392
1.85220619632
2.33842130987
0.804096103138
-1.07858877793
-2.76046307054
-0.187133364733
0.37359105429
0.192027005532
0.478474403257
2.23630550068
-0.154122266501
0.684707957164
0.140133090548
0.0726692415937
-0.565801253599
-2.62607483198
-0.161883239058
-1.67169515486
-0.520125423648
0.493179016488
-1.15875911951
0.422933795199
1.68869031931
-0.811021908667
0.437520221734
-1.09860945384
-0.950227334959
-0.872568114976
-1.18936051227
1.97417385739
0.154961960451
1.86622283299
-1.31566100392
-0.683087986139
-0.879890941044
0.370206649244
-0.412214112894
-2.60889248599
-1.02513279881
-1.29339816129
-2.1216976742
1.43365985472
-0.720714231494
0.56415580345
-0.362241559264
2.43138143284
-1.08184569348
2.13113398994
0.778121242052
0.355001571523
0.18360164921
-0.369051919114
-0.51571971937
-2.04380045447
1.7278779217
0.617514761551
-0.463097593324
-0.211647780782
-0.3277620853
0.430673674625
0.187844153439
-2.66771100369
-0.582611666453
0.737878310958
0.794602882233
-1.94730253421
-2.10321469057
-0.0771094991947
0.31165007665
0.960903740703
-2.37506082569
-0.669646809739
-0.850016729447
-0.734637564626
-0.291223007558
-0.146241566403
-0.755877976008
0.110555768786
-1.97042840138
0.965702178726
-1.43072512406
1.51875305108
0.359794892674
-0.93688603534
-0.347797614291
0.760980950842
-1.16274597051
-2.20349848115
0.172092089552
0.0942619055681
4.2517052945
-0.105929926816
0.502334492756
-0.257048112184
-1.20570375547
2.16919849675
0.163484720537
-0.150877389504
0.586798553939
1.03682452648
0.395471185822
-0.310888519611
0.380948877259
0.609776172488
0.792321831293
-3.21635618483
0.628426282537
0.089636429862
0.951882139668
-0.696993197789
-2.75771740228
1.3686330767
-2.17905311007
-0.933555258042
-1.72333309082
1.65782476906
1.71387782236
-0.473643874914
0.418429821911
0.18483178909
-2.14654350593
1.65182604124
2.57775825947
-1.30734317565
-0.929767057361
2.71489067451
1.80791783624
0.684000363548
0.021828319895
-1.79628644908
2.61631451559
0.576211552215
-1.06871395868
-2.60216794988
0.858770677373
-0.331974012563
0.88312974612
-0.0600078693685
-0.344657586325
1.86671618304
-1.50114515991
1.15016223125
-0.102643782911
-0.200577793892
0.113832290845
3.4020685539
0.178476948707
0.139517275872
0.148769199469
1.92754116268
-0.66451395834
0.353141435139
-0.168267540298
1.14232247324
-0.416008426077
1.66916737186
-1.0483823676
-0.779858591616
0.469009014942
-0.113254781122
1.82277667681
0.969040380396
3.07108349319
0.928974892528
0.990709544484
-1.61606927831
-0.069814915122
2.65629053543
-0.726857272344
-0.630722220089
-0.378658956416
-2.03720640835
-1.08905015713
1.59084548243
-0.275997254934
1.27106302078
0.136485403622
0.332371212499
3.30721537126
3.10578599691
1.20762149284
1.69836883473
0.0292431348506
0.661942058766
1.16151467016
1.24523188116
-0.584131281684
-1.30139324882
-0.470798104268
-1.70349664852
2.09797588497
0.872393506917
0.311463118023
3.4318182289
-1.45780419103
0.262002624675
-0.387018586793
1.53694892799
-2.02825329523
-0.554881844694
0.291749434557
-0.951644482312
0.274594092896
-0.679015170532
-1.11281936397
-0.929058151908
2.24470386517
-1.10514744709
-2.00527774782
-2.6778814541
1.37214200497
-0.540925318763
-0.26872403843
1.16114931843
-0.49167430145
-0.282676293258
-1.0573664969
1.06731102499
0.897408183867
-0.584332068322
-1.06552932375
-1.56641312635
-1.15133691576
-0.469445812213
-1.99619234873
1.0909894392
-0.19783245157
0.684445852369
-0.272964891325
0.228008243093
2.43324950187
3.01588699364
0.0979530395491
0.860390955197
-0.320200351484
0.575078788323
-0.331933976359
1.36514061075
-0.173837322317
0.309365541491
0.825330006736
-1.099967991
-0.374226175985
-0.203769476505
1.55281282212
0.601913480972
-0.649434870307
-0.400701777733
1.28215299036
3.30387640979
1.86319579501
0.157003179612
-2.4793504209
2.23398612858
-0.185073879135
0.953805480268
-0.400517778221
0.300148962207
0.814338466542
-1.95114715027
-0.849807805493
0.0295309394854
1.15403644802
-1.61755579708
-1.36884551006
-1.02903870376
-0.801300658551
2.12665205242
0.105587175613
1.34065454081
-0.863564605998
0.309555933577
-0.134732060768
0.6374987287
0.0785653956732
-1.00536684331
2.06463949174
-0.395803772206
0.559294982454
0.468813190783
-0.0885775953814
0.0695072274621
2.40311500189
-0.521300261343
0.242742334725
1.34936797218
2.44500672052
0.306686641589
-2.10525335521
-1.09101301735
-1.97129900118
0.789690699346
2.25673709606
-1.09775125343
-4.1290623108
0.771746041545
-1.14939674358
-3.06791296226
1.68130317599
0.390954189988
-1.09917631108
2.65282801682
1.84525218499
0.713834768776
-0.916197778296
-1.05465338925
0.368717833289
-2.84482133765
-1.54343080998
1.68154438436
-0.304980691133
-1.36713740468
1.12101128529
1.37084722218
-0.823365485534
-0.462904077395
-1.71837689125
2.05891141631
2.6084684016
-0.498719311277
-2.6001945726
1.95442014806
2.90237048701
-1.16001970522
-0.909391206296
-0.575964498954
1.15149148141
2.01196798463
-2.33652129328
0.846329995777
-0.321404987147
0.237049574885
-1.96047672231
1.26928426194
-0.137047692924
0.288791740088
-1.74888188877
-0.174226616638
0.848384780997
0.164940069733
-0.828632190879
-1.55750232871
2.74466069567
0.218503822159
0.883067627203
-0.39836441661
0.085946052824
0.154701913483
-1.24139060918
0.345293540763
1.00294652898
1.51138039848
-0.968856985302
0.494611771877
2.05666546351
0.19925743159
-0.638459401264
-0.120107162701
1.89715551873
-1.86227348623
-0.346058515151
0.992125174148
-1.67000372299
1.89298194287
1.06723079555
0.122058643328
-0.623154195513
1.11414070273
2.03905982994
-1.24563017098
-2.56603575337
-2.66374022472
-1.11891693822
1.62089023734
1.46367406508
0.167458795878
-0.769260642363
2.7810848402
0.397227542158
-0.407919765199
-1.45391763761
-0.623509498154
0.590380020316
0.525382627925
-1.17861386297
1.30255822676
0.0834580548849
1.86295070732
-0.867456662572
-1.4397013865
0.564673951185
1.95761177103
1.2761206236
0.433736719307
0.344413104566
-0.327736944721
-2.68358465612
-0.991543743083
-1.76755863846
-1.9680818645
0.428463339416
1.93534684614
-1.23565970201
-0.678573155858
1.42711291049
-1.662639632
-0.346990854627
-0.566909730967
-1.50929801667
-2.10665339765
1.90457261798
2.23625814325
-1.28700601057
0.214852861473
0.918385596666
0.109653081224
0.466673590489
2.31070346468
-1.43716157665
1.39810680366
0.0402679648346
-1.20115585597
-0.825833723896
-0.0700950101871
-1.16296877445
-1.89042772923
0.140886689037
-1.14195120002
0.350575438928
0.721314643777
-0.323760365484
0.332673832051
0.137235292844
1.63144957717
0.882382145782
-0.308069428171
-0.445950827626
0.710982838511
1.32365071954
-0.990225644534
-1.9760670486
0.790100870489
0.707999756102
-0.681363118019
1.7939972373
-2.50073733805
0.650508084724
-0.0145821349536
-1.53950572487
-0.22459362484
-0.245466783497
-2.54724260068
0.933697291846
-0.009173974958
-2.16092999107
1.47507068934
2.41029794428
-0.370623182306
-0.789721801022
-1.7080843386
-0.6109215703
-0.300380317333
-0.878642917256
-0.810515639652
0.271790213655
1.65873732441
-0.702165498245
0.750968050228
0.279282699735
-1.18405971715
1.69401899203
-0.62849130578
1.34502801884
0.357379645137
0.960853981551
0.12644337853
-0.375443734167
-0.206009331821
-0.0419688827254
-1.98017051919
-0.093617614498
-1.92340128286
-0.145675414367
-2.03106666177
1.33551670112
0.282788141784
-0.389504299337
1.49210762503
-0.877071444322
-0.175432472091
-1.92723688472
0.0945488737518
0.36348028278
0.25113777247
-2.35673425286
0.441056789434
0.958319625832
1.59392206439
1.49707671702
-2.1003302358
-0.241994635072
2.87829834817
-0.506113001812
0.038613285859
4.54486891059
0.314197664846
0.683107773926
-0.597023158719
0.262390741682
-1.47799675709
1.81162812764
-1.17303368492
-1.76225352941
0.697974877929
0.436316027842
0.202680671008
1.45406929201
1.19098002101
0.648099117994
-1.67430288742
-2.33293805388
-0.111936949186
2.25795347691
1.2256030342
1.47346539919
1.99985836704
1.89420685885
-1.25644013523
2.25674236704
-1.91476239393
-1.24124620476
0.889082530563
1.19136181442
3.33299603143
-0.249084058721
-1.18959749505
1.11165720699
-0.199620526305
2.23327566521
0.172753877323
2.08629604744
-1.61887829588
0.0717937432415
-0.661010827399
-4.11178503564
-0.985964890546
1.12396222624
-1.01091941222
0.297939885101
-1.19691648998
-0.291894052228
-0.220123884475
1.57264017726
-0.753766888891
1.01405442223
1.49325178425
-1.50169438001
-1.29040672024
0.418795654172
4.28031653941
-2.36592722511
-2.50648081952
-0.497859229613
1.73455811025
1.18809098857
-2.11584087721
-0.901355855579
-1.66994354261
0.784395486552
-0.324780953441
0.0874320594718
1.44387306642
1.41532495809
-0.807869241453
0.791712056732
0.269594475087
-0.977340478956
-1.7763397606
-0.280666486272
0.523753191411
0.100659654071
-1.43141725463
0.578090109653
-1.21487604053
-0.0168213488626
-0.179884388822
-2.31719821115
0.029736301824
-0.769094314744
0.432415132443
-1.31670108331
1.35115560925
-0.343189837319
0.0921352932991
-1.15261626531
0.0990822387005
-1.87667058291
-0.357007266139
1.40305289059
-1.36882499367
-0.596148106013
1.89492408683
-2.38287441351
-1.10745194535
0.236254324752
-0.271013652067
0.317822400153
-0.895247745416
2.36415045051
2.79749224952
-0.526746088733
-2.56585317098
1.46329591556
-0.226437396437
1.29887035183
-1.38490779044
0.53053441302
-0.489472421295
0.917593662159
0.438002852321
0.316147409553
0.793323036963
-1.04230935486
-2.77366432177
-0.693489432004
-2.06027224733
3.51365562715
-3.00967917673
-0.820756965908
0.687829867995
-1.44509623064
-1.05503488057
1.85593644382
-4.00273701172
0.521530347689
-1.45382434078
-1.75767979207
1.40103607024
0.446549040171
-1.73008245611
-0.194188586698
0.426714105594
1.65022938631
-0.173629044795
-1.2602149575
0.949575597887
-1.71522139931
0.947407018073
2.20414055151
-0.079432302347
-0.108313584951
-1.14072685493
-0.940304677567
-2.70709028878
-1.82035644582
1.91734532699
1.49711075809
-0.555228732297
-1.78512683729