3
42
30
1
-0.0327939228061
0.538018731107
-0.798964250562
-0.898340400411
-2.44267917106
-0.196336554498
1.78821945754
-3.41878796493
1.94081758243
0.67001466276
-0.0258359791291
-0.104022172513
1.07562437463
-2.90054169114
-0.915665073693
-0.299323828225
0.0230333014251
-0.529482728607
-0.949589077457
1.47562119588
0.730524587101
0.854206215525
-0.646948329566
1.12979156066
1.2764156539
-0.342885529795
-1.04451319533
0.751072728896
-0.83862094017
-0.310259060347
0.359517998811
-1.31261980811
-1.06590902281
-0.260063852854
-2.46548253575
-0.710854599073
-1.20598610825
0.541979791531
-1.64015921762
-1.27983173517
-0.669609241078
1.10726592354
0.359695140495
-0.0344427168867
-0.0712068861754
0.483798199003
-0.351435689199
1.43368670653
0.0540338513909
-0.993042361583
0.00856167605435
0.0755122723283
1.49699195517
0.226651544667
-1.01238886513
-2.22735878185
-0.360979672367
0.479612260509
0.564834771141
-0.298429777732
-0.525246970575
0.422403791483
0.646281304973
-0.0798477565615
-2.40363744096
1.01461668212
-0.442745279807
-1.28447640243
0.96791967998
-1.94741189406
-0.865274818782
2.01644931532
-1.16609140183
-2.32883635758
-0.923701640544
1.49798305732
-0.0919298809714
2.28721364934
-0.621555764538
-0.170773722401
0.440627211276
-1.82041748641
1.89671985587
-0.487592398892
-1.87374876097
-0.791404587394
-1.45218997801
-0.977671370329
-0.832923837286
1.5533178852
-0.16303202077
-1.79310948199
2.19454576295
1.24062091175
-1.12388377646
-1.56823656639
-0.20598314785
-0.312229138949
0.681189749656
0.0546967714298
-1.82061815633
-0.771142005193
-0.754968208691
-0.415298356363
-0.17140610649
-0.31199907833
1.31110716472
0.478640726893
-0.506358942768
-0.648549554685
-0.0539833304091
0.878187773216
0.231754640385
-1.02064165965
-0.96709098935
-0.119542157368
0.219405777349
0.365605370194
-2.53259055195
-0.0711380275226
-0.179330401186
-0.990810184984
-0.562697008415
-1.16883322537
1.84115540454
0.147274842664
-1.46306735767
1.06131988335
0.440724128746
1.18954298123
-0.148691859453
-0.379319080314
1.85210818802
0.152735235387
0.0272498448596
-0.719117099636
-0.809882273205
-0.177240717012
0.644540387489
-0.660033570665
-1.90485953463
0.780148570257
-3.01948841416
0.497160738637
-0.933187620857
-0.713995373008
-0.175875673965
-2.27502711443
-0.164049163621
-0.728178357585
-0.0944176658195
-0.742675277156
1.55897840807
-0.970105026866
0.511196645156
0.363130842297
-0.361290283525
-1.134794596
-0.43166763056
0.239231811012
0.756493473066
-0.631177803827
0.573359406301
-1.07535426968
0.1862793602
0.638069693339
0.394138810624
-0.527723050847
0.56377899113
2.17494796411
0.774943514262
1.22098201486
1.88037712078
-0.190091093283
0.0123471807197
1.77105432054
0.351838749916
-0.538596497864
1.94372363294
2.04845879578
1.68085288677
0.692477345688
0.71443439345
-0.273968987251
-0.979405302402
-1.55886286879
0.847874576757
-0.0474977362962
-0.391893135931
-0.929495034557
-0.637976625226
0.35108633656
-1.63868948954
-1.87748578299
0.256748058087
-1.20316503098
-1.00502453833
1.22352508278
-0.656375472038
-0.289832818444
-0.884536210701
-1.36893301179
1.24024766608
-0.171009413724
0.84394603127
0.738501666608
-0.851921456482
-0.35314956997
-1.80332570857
-1.0658170913
1.11532370911
-0.854911493917
2.03931717012
-0.455799637919
-2.33921614186
1.18258567869
-1.55949067472
0.917892737313
0.0552082691408
-1.25165392056
0.313417873546
0.269703120444
-3.45912550593
1.9424428196
-0.300636860859
-0.151168124975
0.131113631322
0.206153941087
0.449580389426
-1.03637617105
-1.91076262147
1.53975352493
1.2478097087
1.70056757184
0.719767398098
-0.538956292699
0.799935243953
0.105378979368
-1.71139038464
1.20455016232
-0.0340309225385
-0.0632433703582
0.309603613179
-1.27584042863
-0.778211547151
0.888911305249
0.30746079487
1.27172282894
1.74163794528
-0.00102429041325
-0.675222475748
0.497615111591
-0.691040641792
-0.172224907806
0.911636712852
-0.749266665165
-2.67736133426
-2.35246196618
-0.840121323143
1.07524423332
0.697921517341
-0.120283634177
-1.08323897623
-0.667846357405
0.195757274876
-0.86841893507
-0.339069632848
0.487933331395
2.37224364368
0.0591266064546
-1.23705245078
-0.38188139825
-0.62947771631
-1.55249981802
-1.38942209791
-0.563263514106
-0.95611873765
0.574053569108
-2.28294358057
-0.926949593469
-0.168547544805
-2.83094206598
0.67573489209
-1.44301051204
2.03504888607
-1.18599253675
3.27544059167
0.0812932725593
-1.12032981095
2.55251121294
-0.887042180629
0.659487916226
0.408935147471
-0.00897971740918
0.558407043769
-0.588977327606
0.218183310213
-0.601705148426
0.594324757515
1.63731292352
0.79300382454
0.380718300892
0.186139060034
-0.251570641111
-1.16983813364
-1.28813030835
-0.408866691856
0.597616011629
-1.2315756525
0.561976191589
0.0757905143058
-1.33915376956
-0.244052739861
0.292058393132
-1.26578953858
-0.195139387841
-0.091478306292
0.671674928296
-0.387233575567
1.21385749315
-2.04917534844
1.57454480671
-0.647305550392
-0.900211914195
-0.516519412211
0.139448109545
-0.97405731202
2.02053479428
2.0387638355
-1.49150534338
0.152608950935
0.846902410027
0.430667977999
-0.779099906774
-0.484701493735
-2.20770455284
-0.524595020374
2.53408373687
-1.69173169393
-1.57061465993
0.449989348697
0.71573949816
-0.353062879556
1.23759002175
-0.318014833304
-1.05406588591
1.57824934834
0.330889897217
-0.611284998544
0.545033511953
0.0736023247022
1.37651459232
-1.39578019074
1.35176631684
-0.880129113816
-0.733221428434
-1.12205123956
-0.331699816994
-0.0165061361308
-0.39595936424
0.929874872161
-2.56038136375
-0.748841601657
0.708902394481
0.0998963208063
-1.24111496719
-1.7472026086
1.84465649139
1.55506444056
0.191547215898
0.434993759374
-1.09247601059
0.021353322665
0.240314177382
0.5313961447
1.28822061546
-0.181350324615
0.725581046055
0.98455585891
1.07170897059
1.96555480514
1.45576073712
1.21810073028
-2.53814049628
1.45571650748
-1.30925412077
0.844939301985
0.109866060696
-0.872817392008
-0.485568059647
0.350165249042
-1.19470511122
-0.737673905159
0.650245297123
1.57820507848
-2.80716616741
-1.7571993164
0.71417047138
-0.821422574957
0.749395243135
-0.456367929826
-1.33441818735
0.622160424799
-1.89691417985
-1.15741518465
-0.566638821934
2.48666118129
0.791679710318
-0.944569332076
-0.943913456531
0.158958300444
0.593399436625
0.104512231226
-1.05841608224
1.74351294113
-0.065236440906
-1.69719348294
-0.915017845584
1.49330964866
-0.580074086674
-0.107227445227
0.770539163895
0.519629424127
0.0339919194189
-0.285432899099
0.610317526441
-0.74583901208
0.319548957316
2.47091101145
1.00097312631
0.889443137717
2.01710186024
0.218106967274
0.0554118002118
0.416647156482
0.583306474093
-0.451974823771
-1.18139605653
0.156133019869
-0.621105719105
-0.563821793033
1.43878309457
-0.40780931504
0.928029765112
1.03475283342
1.3672164833
1.11876845322
0.481823175678
0.536105670225
-2.39758255624
-1.13034480171
-0.0924536576748
-0.650111794751
1.19267279813
-2.68888507857
0.464608596519
-2.11505403562
-0.0329773090336
-1.09637539156
-0.394309489881
-1.41988977374
1.0452515956
-0.642703946669
0.821743733636
-1.07190198458
1.33444251179
-0.817197390355
0.719517372853
0.899917572339
-0.271287921957
-2.26331235775
0.762149008068
-1.01988566835
-2.42716523638
0.016278000836
-0.946013114138
-0.816707172614
-0.0746717446034
0.526674453882
0.472932113282
1.03690159719
0.678805911831
-0.983850095467
-0.588603405181
-0.354413695086
-1.71625361941
0.785520030449
0.82210187442
-0.441701548102
1.38895259382
-0.099706459183
1.56471369897
-1.40678631079
-0.226314480191
1.64781928284
-0.658125192062
-0.644181663712
0.246539961753
0.491473016562
-0.0643851239365
0.888236443017
0.029260505043
-0.0983182053788
0.598379820438
0.528285614406
0.432007693832
-0.969486583038
0.837111309677
-0.759460698941
2.23832500582
-2.47977501
-1.50860681542
1.05333579787
2.07746367292
0.343136192426
0.457725302243
-0.216101452547
0.862137757294
0.802908456078
-1.22933247106
-1.44713004367
-0.191190575911
-0.285429236501
-0.707003742617
-1.53716865577
1.6147039575
0.648503547566
0.103406950332
1.22450211948
0.880563821645
-0.626647461125
-0.517378941766
-1.63442194651
-1.44485960669
-1.60106387236
-0.0658587007436
-0.576304956905
-1.47798038956
-1.37717003874
2.05773236965
-0.272557993894
1.09917384826
1.7088246997
-0.767264027751
-0.0492934189519
-0.0201728405505
-0.820173091125
0.476305321474
0.23448390068
-0.855769581019
0.62112114341
1.61942192914
-0.0828624468107
0.440897827189
-2.17671760384
0.680733451742
-1.80896685338
-0.788789244591
0.351124769158
-1.79994596164
-0.49340200955
0.0423156297026
0.00799247707211
-0.449256448149
0.814298350513
-1.53527432679
-1.63629359842
-0.896167774394
-1.05711902121
0.642307576292
-0.599444966726
-0.846616426194
0.984042652348
-1.45381212358
0.703905847978
-0.578660446161
-0.814330759515
-0.719289264844
-0.497692370058
1.25527483908
0.868426626502
-0.929300985084
-0.502950341242
-0.237763217955
-1.6448627393
-0.900213819167
-0.592205041851
1.88654150407
2.08270938955
1.71027855555
-2.53789777779
0.866886534355
-0.515101581804
0.929059643609
0.0394777727863
-1.30966580157
-1.14431361966
0.703801367733
-0.440444646904
0.0533908139012
-0.466638984295
0.672361293001
1.06109091213
1.5675301708
1.34428415417
-0.170996920788
1.67758968114
-0.766716648468
-1.50913066094
-0.443822598288
-0.120344835943
-1.8082211818
1.84029252184
-0.195881333669
1.60539725618
-0.175830598514
-0.630862603341
1.79087885149
-0.283827196348
1.41879085765
-0.151225795976
-0.364098966774
-1.06039492533
-0.403844434897
-1.5949488039
-0.639006284167
-0.931877705802
-0.409063236815
0.673680846892
0.45471204095
0.598374471508
0.0122246810093
0.00909455820092
1.3604252815
0.57521323966
-0.0229708855344
-0.224808695377
-0.526006215844
0.396598109696
-1.41593542079
1.88977801013
0.0133122746064
-0.75101636037
-0.194951239674
-1.11756673609
-0.670616602148
0.955791224868
0.110845227649
-0.271664463188
0.756750363314
-0.318103187016
-0.519848263995
-1.50290763808
1.52197536671
-2.74176240684
1.49040634905
2.03410786567
-0.825818016839
0.307796987565
-0.530959252842
1.14879544319
-0.403811987264
-1.5294041736
-0.808896644408
-0.288852785112
2.1423078807
-1.1632246972
-0.148442737637
-0.242643031863
0.132219519427
-0.370131745391
1.03971528112
0.19308149505
0.512361844534
-0.709181182136
0.355920239237
-1.12433347445
1.42910037483
0.280402386113
-0.201529181621
-2.43941445558
0.906753256822
-0.2075841184
0.76781481655
1.78596934948
-1.28266298381
0.0182846766825
0.372416041797
1.37787075438
-1.21884380581
-1.10001509994
-1.16581984523
0.0825878077072
0.207541822165
0.897487424625
-3.24336973216
0.0448761776786
1.7484917434
-2.27192964993
-1.45509989797
1.12194457335
-0.510885075564
1.31943763597
1.2501427378
1.91818985894
-0.347690221581
-0.160120084984
-1.8572878331
0.0110109378305
-0.305031755805
-0.662331265208
-0.792484851941
1.15852284266
0.129362764863
-0.463115451652
-1.57577415488
-0.301919222509
-1.08328451846
-1.1954939791
-2.84687192701
-0.698113229955
0.123095628181
-2.82232945565
0.73971803042
3.41604636048
0.534817232785
2.33249599036
1.46659583568
1.77595192175
-1.83083269649
-2.31454022234
-1.27801731585
-0.300779962543
1.39549476095
-0.718639067403
0.663254694404
0.553867019392
0.515147144525
1.21197003401
0.898456553811
2.11070466964
0.259477879037
1.01425135709
-0.424152438276
0.469131899251
0.142240770739
0.677015961575
-1.60725319993
0.167511986137
1.85512713787
-2.20358393799
-2.33578217186
-1.35688642506
-0.0596346816191
1.16249274023
-0.755724983486
0.950532984105
-1.66454512693
-0.288860202737
0.131946946104
-0.986689064119
-1.00118440718
0.767067865509
1.0178445753
0.0525260159133
2.14029717968
-1.23660549992
2.0322814218
-1.67150419066
-0.911946932705
0.218292955222
0.748059104866
0.152105931036
-0.521029245635
0.418620805855
-0.389559933958
-1.00112319622
0.507286333321
0.452725924475
0.893435120903
-0.931111227172
-0.327902026126
-0.416600602682
2.79003625787
0.214700857705
0.932030523084
-0.938291704462
0.248015694651
-0.255201511737
-1.47480656743
-1.85896037642
-0.970791765459
-1.50163887816
-1.11065379824
1.96806940196
-2.1211368759
-0.996955285937
0.878505078197
-1.6616715415
0.527499471998
-0.917782737044
-1.560133413
-0.567731118752
1.38110204652
-0.89156580875
-0.734701398095
0.149428410213
1.00558232994
-0.611889485657
0.0828990680994
-0.156148183645
1.74177175862
0.0897133669545
0.495042654218
0.277272003976
2.83711720969
-0.981274025749
-0.490435045872
-0.159288439066
-2.09623718819
0.52552720449
-1.54794050546
2.29535040899
-1.09685979454
0.286409259242
-0.652651106298
-0.342097617875
-1.1286522814
-0.330533109332
1.2271910966
1.65763419529
1.71676076508
-0.748551308485
0.449449356367
1.08412146406
0.362317710067
-2.64961977832
0.764885473322
-1.66204086094
0.575467248442
1.76201438143
1.73832387095
0.259607962868
-0.826656796813
0.684681293313
-0.092498444703
0.617108501078
-0.678703563406
-0.920912757259
1.65748965671
-0.23979315087
-2.22272625042
1.18231303445
-0.378410274333
0.782572723009
-0.205466665776
-0.34486855424
2.65959586108
2.38495471278
0.104331804443
-0.293631033541
-1.9974822134
0.359842078369
-2.1593384203
-0.61005644722
-0.0379293745356
-0.964357135868
0.570873415344
-1.33998503315
0.218937583791
-0.442458194901
1.43892615769
1.98824829926
-0.526687892442
0.600052334021
-0.906566873644
0.389866614575
-0.182780747696
-0.0813102385228
-1.85754529376
2.5034395895
-1.75299006008
-0.601299043656
1.66191774828
-1.91181366317
0.498308336848
-0.518456794696
-0.461220689221
-1.88313002427
0.349237695437
1.75112097568
-0.742167364217
-0.265866981193
1.58432708704
-1.74733989625
0.162846979584
-0.345298273693
0.115789509536
-0.785528960749
-0.376666488552
-2.32856399739
0.800444961034
0.612543065165
-0.243034069846
0.551476374109
-0.932000319009
-0.461201511976
1.10450930638
-0.635969911433
-0.404107800908
1.3556653452
-0.6708592687
-1.49508644897
1.40011115569
-1.15246732722
0.126047115587
-1.24275217763
-0.162768267158
0.933510889471
0.756545829721
-0.582228247795
0.508231896493
0.478253778127
-0.9631591552
0.984944839386
0.958838955558
-0.0992828310477
0.0066866486771
-1.02191620165
0.152039151795
-1.44235705613
1.85799433491
-2.92613368147
1.46792025716
0.381206126325
0.190185651248
0.18332082571
-0.52420399441
-0.636872388967
0.351932340484
-0.0577913557401
1.01976788364
-0.0459859444807
1.77981031446
2.30840631398
0.842304724173
0.33899871614
-1.78144328748
-0.448570123927
0.698594839109
-1.45657402791
0.302580644172
-0.779663050994
0.786110713309
1.48212084114
-1.51017829267
1.12978991376
-0.823588815986
-0.0334880528491
0.0884844722525
-1.12405866029
2.47327954449
0.0482267942967
0.976368731172
0.480601730521
1.87537059504
-1.74275079731
1.36828591736
1.01470736063
-0.735406740272
1.51669619454
1.05151367895
0.183495444824
-1.76768866555
0.261231170172
0.111842614246
0.816637030144
-1.54140873326
2.26797096062
-1.26279149925
1.33268506741
1.48051692234
-0.275141351289
1.24144512506
1.16051412972
-1.90961322559
0.0790615958014
0.408508892684
-0.473404479298
1.72645320434
-0.144880311732
-0.10326655053
-0.168195338723
-0.0338820168483
-0.297257007231
1.9517008462
1.46010386062
-0.975003946571
-1.57933047807
0.330394571858
0.639283169371
-1.47536562413
0.250490888159
-0.0256281413581
-0.243348353534
1.00979656069
-0.475701336099
0.230308756288
-1.44324038216
-0.47004328999
0.397877291445
-0.0588745058788
0.0999092560776
-0.873891078351
-0.462833741287
-0.498161109732
0.848589256029
0.477199963811
0.936841559941
-0.452122300496
-1.77907209698
-0.208655437684
-0.432447547453
1.42857658058
-2.02086891912
0.885005127797
-0.740166442198
0.0753935034124
-0.542518290003
0.634438651455
0.391874754159
0.207342993405
0.883870961358
0.537626971883
-0.40145519647
-0.681450197717
2.28813246657
1.39565739916
0.852537564917
0.189810429305
-0.107451573421
-1.12490781203
2.45986312207
1.19811159008
-1.15990812408
1.69538574603
0.52760374189
0.881158473641
1.07797974182
-0.172576058078
-0.462464524352
-0.186154697367
0.694289741668
-2.53316042043
1.04752463426
0.583552620159
-2.07784773464
-0.372755785311
-0.102440884359
-0.756580203545
1.43547975705
-0.452828056577
1.72416322312
-0.16630372741
0.020594069673
0.671168354211
1.45155852223
-0.391940888106
2.28372434187
-0.327917971372
2.39852891484
-1.39365991971
0.253725979941
-0.163317434098
-1.55320781791
-0.864623372413
-1.21939785658
0.0949797134704
-1.12735372844
0.94771793096
0.612042582032
0.452048045418
0.961384929176
-3.35715137215
1.33606035627
1.30547958411
-0.0457264776172
1.3715040254
0.690384828996
-0.763673162486
0.248817561127
-0.00313516014432
1.84797615535
-3.47006734122
-0.610587820838
-0.738568403592
0.368177132581
0.448684812281
1.58925920076
0.467812420063
2.19803630226
0.717300814753
0.466788077313
-1.21958823599
0.636111752664
1.32425380801
-0.788501336072
0.339836378932
-0.508865085279
1.73606966179
0.524159721268
0.78515661413
2.19213041878
0.358070526907
-0.0154587613362
-1.55646552068
-0.656239875758
0.365399047605
1.28587178865
1.50046077133
0.616457985289
2.55112582195
2.53636181886
0.701248421972
-1.06231442483
0.665137777569
0.268198265208
1.40264000277
-0.580036228524
-1.04458686612
-1.05005845349
0.597143932384
-0.618970327163
-1.64422184344
0.52311467705
-0.404024592507
-1.89896393721
-0.678433875385
0.864983623866
-0.393716736316
1.93756253998
1.87916884151
0.879170188689
-1.49713722844
-0.289494198594
1.11256716614
-1.27734269135
0.209936453545
-1.00698411538
0.190180695666
-0.908678992603
-0.719841983108
0.339816645996
0.309862060641
0.33287692651
1.45742806769
-0.352044350887
-0.996429529246
2.38788196017
-0.98128597339
-0.964340443863
-1.11284313177
1.36304873545
-0.571619028457
-1.93013294091
-1.17337345914
-2.25478593392
-1.02939187528
-0.454216963213
-0.234010495698
0.657087013755
0.774077818495
2.43436405275
0.840730949727
1.82599092966
-1.15700166151
-1.64455939002
0.686640199302
-1.54530206438
-0.524288930514
-1.22109686414
-0.0305264639018
1.07629926218
1.52541625987
0.71870160014
-0.432953353168
-0.919872250486
0.838534573502
0.513364454532
-0.996769932805
0.258267099649
-0.457171485657
-0.700605883775
1.3591781756
-0.506565524882
-0.963605681297
-0.948250466256
0.98624431677
0.649130332209
0.609928115654
1.69497458444
-0.722926168615
2.70318953605
0.37364158829
-0.401275614772
0.113975809838
0.384224426886
0.381511597893
0.349090979518
-0.109611524702
-0.0987673636173
-1.80811303606
-0.971965614382
-1.06470935399
-0.0251978548019
-0.501961373291
-0.986942468859
0.930908736167
-0.227496231522
0.765176102453
-0.269042156075
0.104985274437
1.74404891361
0.175780016624
0.889001685853
-1.42824946732
-1.26738553588
1.33790751566
1.42782173092
-1.43615098297
-0.850715627149
-1.40980835322
0.114505694921
-1.27020019788
-0.692930556163
0.149181281389
0.116037340925
2.45578746861
0.842493091807
0.188518609006
0.907463520063
-0.447095819712
-0.682404639803
0.354312170897
-0.19848285756
-1.24986228264
1.33047425464
-1.7218005093
0.433894220973
1.33870724912
-0.608847159471
0.359586001812
-0.148164435871
-0.803385134164
-0.5783637094
-0.651681443836
1.58050897132
0.0567708276462
0.024465847294
-1.36510133419
-0.0378641941918
1.18633454298
0.361915022229
2.36720422598
0.812228600146
0.126365969381
-0.0605781347526
-1.25937703572
1.6131771352
-0.974419469321
0.251981643335
-1.9171623283
2.17735431641
-0.0779770619808
-0.275653645485
-0.350785055484
1.34057622187
-1.0090382569
-0.082030770562
0.827042313894
-1.5554308528
0.700588327982
0.194681432215
-0.776116582874
2.1437505706
0.718642277704
0.942921145836
0.515155511224
0.0756217420481
-1.34269251073
0.938487191189
1.68825755036
-2.21356044295
0.403075626283
-0.883171927179
-1.26013132532
2.6214645968
-1.18548070277
-0.236663322424
-0.552832041
-1.68179582102
0.487966104482
-0.130297713934
3.12004100484
-1.58563765402
-0.0196444624747
0.168212155774
-1.07118162342
-1.0532720986
-0.907359997793
0.468081053262
-0.222216870458
-0.91894783184
1.08757778183
1.52607670864
-1.11321126517
-0.350927186187
0.768954570839
0.438268524168
0.290867293665
-1.01539218523