3
conv
1
6
7
4
1
4
4
1.33010204371
0.650659133566
0.20956681242
1.20450202112
-0.581220270643
-0.658071931479
2.71402032041
0.0526782281981
1.55110290837
-0.879265526399
-1.44248800838
-0.971351181023
0.695791221948
0.149772544752
-0.487025769097
1.44931560229
0.339609961606
-1.18847209225
1.99368017808
0.20673469231
0.536924569442
-0.605904877257
0.713320684432
0.149526252611
-1.16743327047
-0.0363462502947
0.619201145263
-1.92203540407
0.472074045038
-1.09644619808
-0.664402192687
-0.561947237424
-1.86792994612
0.565075404402
-0.418099253249
1.203809079
0.591054468349
0.225620221312
0.493905394345
-0.324758148811
1.17214658536
-2.13727118259
-0.219298387363
-1.51977838164
0.828957739646
1.59459888693
-0.780988947513
0.372463728208
-0.235990528233
-0.896743166201
0.993921447326
1.77315985944
0.681344106365
-1.37049668731
0.508866139631
-0.245462045936
1.72373951216
0.231944808343
-0.045786980097
0.172975525587
-0.546106648826
0.641718633953
0.925267292574
-0.742846765448
1.51956434706
-2.43986475374
-0.494450441891
0.860691067802
dense
20
48
0.974942414293
-0.145300117841
-0.500089249209
-0.714505095092
0.234623666421
0.0410551308862
1.53591106955
1.33750975365
1.0044896787
1.26773608103
2.0588181373
-1.36250097233
-1.79273963291
0.56909722496
-0.447011497784
-0.0434717161359
0.317589065384
1.07686920699
1.1520571985
0.118729332514
-0.0250599433282
1.19020447804
0.293791201021
-0.116429661757
1.69679611405
-0.972527922003
-1.4375747885
0.905707423473
0.437304609044
0.454857429574
0.0523150411542
-0.143852204312
0.411325431462
0.954125130155
0.49247581221
1.03971550447
0.296412905207
-0.384263689051
0.253627436492
1.39174388767
-0.726757237006
0.128859484699
1.54256834661
-1.84753966743
1.14252423148
-1.90325250633
-1.05072914124
-0.675790223271
-0.0195013617099
1.07838427792
0.018542362661
0.807235155921
1.7274576879
1.35837707615
-0.273711580689
-0.238894336895
-0.167086806317
0.127780336483
0.172889705217
-0.326069565578
-0.633334416617
0.403588955295
0.647544412027
0.251962816063
-0.123391417158
0.123067183437
0.707324092859
-1.31251251611
0.895768131626
1.02272498734
-0.514526230587
-0.606583939454
0.0991289697768
0.207404362741
-0.128967735241
0.655330321905
-0.161642569375
-0.887983474996
1.98685316257
-1.78945062817
2.31515061687
-0.215700575309
-1.18210817267
0.17814725111
-1.12875012077
2.15120689009
0.560467373431
-0.206896759366
1.8996258206
-1.29053643782
0.105625422582
-0.887546296713
-0.154909156004
0.966082491415
-0.995652594138
1.08303559063
-0.323260754433
-0.793428194143
-0.137837021584
-0.305211856439
-0.236390163156
-0.458994670371
-2.57890499508
-0.386072662807
0.824807544188
0.0510774754076
0.0138276912668
0.954767961146
-0.897830144459
-1.86180613448
-1.27600797983
1.53715043714
0.421335551617
1.19134556754
-2.3100802104
-0.595186844493
0.275763849331
0.688175431717
1.41607690586
-0.450379032637
-0.176386989556
-0.177083128755
-1.36477881396
0.757514447447
0.970545739464
-1.50534295778
-1.09877167664
-0.262750721618
0.0956059316694
1.28101181475
-0.280522588665
-0.796373908278
2.52688324537
1.24109260602
0.0643558280431
-2.24258436637
-0.628625001564
-0.121448333841
-0.337196093394
-0.408276616493
-1.16668322193
1.36572844921
-0.586063584641
-0.514361218888
-1.97081632452
-0.536164136638
0.474991505913
0.173781281413
-1.81403651413
0.420393906186
-0.0364855182255
-0.68530642659
-0.521674104015
-0.644639329037
0.0711696301883
-0.333476069971
1.12883994398
-0.244602253169
-1.10996286342
-1.09491119229
1.55322458075
0.560395074393
-0.000565788138308
-1.80150343105
1.77215254378
0.411300226537
-0.12476589545
0.0214204042087
1.48169470375
-0.197261575825
-0.618256850621
-0.0249869398459
0.690727275115
0.852326114608
-0.445217442992
-0.411464671753
-0.393223476089
0.996113244691
0.937364083389
-2.11941127754
-0.769982617976
-0.064861868823
0.198366032011
-0.698893602036
-0.466229787679
1.44842466143
-1.62765023987
2.11518182595
0.552821551674
1.20722679704
0.0941168451837
0.397963490875
0.229911887978
-0.0872444129364
0.487166988459
-0.360762537373
0.326166915221
2.4915509083
-0.0750065125122
-1.25069162217
0.780362283477
-0.116410759497
0.647081891976
1.31654581597
1.245296034
-1.61448103568
-1.93521857297
0.328331407211
-1.34757302102
1.62566301886
-1.31602440991
-1.31188883506
0.17284089976
-0.121601619979
-0.381121284407
-0.557774931953
0.531727505259
-1.07252035403
-0.313597753132
0.163895841075
-1.00003468173
0.171964555987
-0.454062054211
-1.63387961876
-1.04122033944
0.559455183374
0.846332157182
0.186091994335
-0.242335975949
0.963137816637
-0.46760267926
-0.095320091498
-1.88167847968
-0.473595579115
2.20588682776
0.982725881707
-0.0107370079484
0.861851693848
-0.373755628138
-1.25654718327
0.507973088925
-3.35961331986
-0.126853445526
-0.419833471758
0.434588665182
-0.612126613304
1.54673679587
0.929204671661
0.0325344909541
-0.0153764901473
-0.529966135267
0.2794301027
0.215774092484
-1.30758284842
0.632547407924
-0.412148671528
-0.299307231113
1.23516639264
-0.548092470332
0.276543572524
0.070027416118
-1.03193745492
-1.77945957928
-0.623837180179
-2.08615995977
1.1455614253
-0.595093532457
0.496989110875
0.515547205488
0.221039468208
0.0277952601176
-0.316100518373
-0.00999081117063
-0.211333550898
-0.531921413514
0.934437640635
2.13901505348
-0.70200562786
-0.378994391588
-0.941447369
1.42473311997
0.536915236418
-0.265130606014
-0.500537381358
1.24650609483
0.445346704949
-0.733896328836
-0.474298090567
0.27004874414
0.286089159789
1.07465470283
1.96352338411
1.28456281042
-2.49156762945
-1.44161983538
1.04216593994
-1.10537869205
-1.10265652531
-0.15798671914
-0.00885661420918
-0.302809195781
0.228915678266
0.990050599645
0.0120720632015
0.0886163757285
-0.41466782912
0.470256255991
1.36863406914
-0.766903437529
-0.253413803913
-1.12023216609
-0.452012876275
0.676045527589
0.90917486405
0.444507648216
0.472152406847
-0.759166539771
1.00089985447
0.570958610151
-2.32409536729
1.69829483504
-0.461226659865
-0.511999601562
-0.278616343027
2.02033327066
0.364524697623
1.02722880081
-0.210691432167
1.20534852236
1.24834723363
0.788154230317
-1.13840926508
0.509083848372
0.647841206289
0.352256481702
1.11728961644
-0.0600671321796
-0.113648544761
2.07736722756
-0.890674761896
0.557802757953
-0.278800188277
-0.144400687628
1.02917062486
-0.178004012365
-1.36121126152
-0.314395818472
-0.382298356622
0.0563423082482
-0.768233783081
0.191268851368
-0.534091693193
0.492095689309
-0.138841481523
-0.0772596339421
-0.203102461235
0.788003651452
0.0136688030683
-0.114363880838
-0.373790159681
-0.338283087357
0.327679548778
-0.302608612431
-0.42475767613
-2.20170864317
-1.34532075759
1.26191238309
0.278923559455
-0.562435075437
-1.40702089861
0.145166457591
-1.67149740989
-1.33270676579
-1.82556712742
1.5718388727
0.883141501408
-1.17576893347
-1.53502772566
-1.26874449122
-0.424268157893
-1.09259540612
-1.49160350553
0.521051002022
1.79460136143
-1.15495050227
0.678253833938
0.275100154143
-0.187014671826
0.52267229636
0.721616284348
1.26459857474
-0.514559552146
-0.153822970474
0.151001610372
-0.149602218767
1.02341179404
0.253904442158
0.236743712233
0.667107625403
1.77417550633
0.410221181002
-0.789779620282
-0.213675285874
0.944247710518
-1.06280263857
0.158875356559
-0.545978919677
1.78498565006
0.220633309585
-0.406389644814
0.316684580944
1.564114774
0.630053969698
-0.810230536555
-0.0165812742175
0.295887702704
2.11505444573
0.111415456896
-0.272776646725
-0.36497874357
-0.600635365133
1.28666061954
-0.723195236907
1.16508438024
2.74189580939
-1.3172956029
-1.16161842225
1.76892576179
-1.44350402439
-1.53192199653
-0.0938291123
0.20020531254
-0.335066277367
0.582357616827
-1.61590238617
1.45931616858
0.225850181697
-0.756195684436
0.114034294439
-0.130278960012
-1.00403208185
0.0643963736946
0.293374547224
-1.73108545698
0.5587262659
-0.0108066650205
0.285042197172
0.182863296637
-1.23478492244
0.590718510423
-0.924374914022
-0.929030925618
0.783751109215
-0.647441482965
-0.274125741096
-0.608356223736
-1.60599202215
-0.134224918652
-0.264922504292
1.72422004074
0.256967581697
1.31405959071
-0.147785937347
2.84210960902
0.292850865468
-1.87175648682
-1.28967169778
-1.3081024138
-0.106694701192
0.555861566143
-0.627746623391
-0.658569854522
0.625735750924
1.76132690986
-0.586578314327
0.233530401657
-1.46335117597
-1.28627145675
-1.64194080054
0.119163507888
1.32647984969
-2.81062393221
0.14165188108
0.947416212125
-0.544592414276
1.12379680188
1.69268219117
0.126904694398
0.571944029565
-0.95878030759
-2.53344963026
0.0495341050648
-1.67826396181
-0.83571093376
-0.731658465684
-0.342593126283
-0.823760462351
-0.289123478478
0.616846648891
2.12504069094
-0.53833197338
-1.07441858821
-0.536678257159
-0.766814804162
1.06337749061
-1.2095326938
-0.180399368701
0.631873197732
0.0484538231893
-1.10676739177
-1.99294086298
-1.51891763582
-0.745666695327
-0.575511965237
0.237062902284
-0.875819351145
0.259065216793
-0.217123755304
-1.23070806397
-0.385037848607
0.786258086626
-0.95865722819
-0.628999426001
-0.236830094741
-0.681238312723
-0.850884376311
-0.147299256384
-0.151152100949
1.21976681606
-0.546252808975
0.422157044027
-1.89414996876
1.01623737932
-1.30333225783
-0.910258749253
0.169377741374
0.641166138642
-2.62489550987
-0.248017115762
-0.570678000514
-0.445259834537
-2.69289537793
-0.881671808929
-0.260901799807
-1.56771767012
1.02048240386
-0.483615052898
1.48705530649
0.00774860277282
-0.579458220671
-0.933523132219
1.15128232339
-1.63513252438
-0.555236627492
1.42421935345
0.218806307989
0.118241504325
-0.448758368274
0.445041491682
-2.30884805125
-1.32058835509
0.918954453212
-1.464476833
-1.30387333418
0.354215688804
-0.487656476471
-1.59682571215
-1.72594799632
-0.505879052698
0.255922478671
0.387027495698
-1.28666227041
0.117120828842
0.738817834634
0.273786717212
-1.42160561387
-1.35847084813
0.242075924546
-0.552404924379
-1.43023252185
0.797060010335
1.2824336021
-1.5289615423
-0.779130056203
-0.0354841593685
0.874981578252
-1.29020689988
0.54722346973
2.29530448468
1.12852507651
-0.925759236381
-1.52961569892
0.6075211251
2.25286154094
0.388266156143
0.562755523747
-0.493211053878
-2.13486031606
-0.0137842785363
0.818462990164
-0.643066092782
-0.781584038027
0.137843918366
-0.423448628957
-0.469755152389
-0.804414016727
2.13518796184
0.854795235018
3.17947450593
0.0929577422411
0.809690900829
-1.6664580024
1.53358737977
0.126764733817
2.84099920793
0.650970670574
-0.15858620377
-2.81908260453
0.0987423756079
-0.380413226837
0.265898504571
0.735117006237
-1.30434549921
0.227300135641
-0.394204624827
-0.847660240987
-2.38155650558
-1.28559600045
-1.2895194814
-0.898587090105
0.0501424368742
-0.68998354622
0.379465318756
0.383728060636
0.536273453656
-0.729698576679
-1.00819733557
2.16933301916
-0.388365225161
0.458965774067
-0.325181734311
-0.0345468806453
1.60313120653
-0.433601365963
0.292069169167
0.653082936449
0.106685382821
-0.174029352009
0.561411818502
-1.34897154411
0.0637656754604
0.301775235624
-0.410325781616
0.0665258854589
0.58113740897
-1.93911535412
-0.926703861457
0.575845474187
-0.43341244438
1.61910971563
-0.591995426017
1.34218014576
0.258268964798
-0.746620983527
-0.428737790296
-0.151369804169
-0.271029081939
-1.73366414046
-1.06042380954
0.104066381448
0.305737689207
-0.727222342464
-0.545046582996
1.28218376881
-0.304053511061
0.0366374632041
-1.01464017957
-1.17202005016
0.943486412141
0.120155479791
-0.487775188575
1.1627547931
0.408871370763
0.124366017303
0.303168306547
0.254960653766
-1.76407383224
-1.35788977596
-1.81106346793
-0.49597940221
2.30472431636
0.989212633015
-0.462319785197
0.819488653195
0.0389593577533
0.385702564984
-1.65391101183
1.15252805501
-0.312614158494
1.2245282113
2.27820147464
1.35079131449
0.436317755405
0.443405929107
0.402601049479
-1.49034259619
1.05981803329
0.737040005258
1.59754718933
0.894123125285
0.50283483242
0.0772969392814
0.117948839992
0.0818472572161
0.729658420645
0.0269126797353
-0.0170982377931
2.55460252602
-0.389854706082
-0.566289699933
0.785859706644
-2.55168506445
0.954132669294
0.539319717551
0.267620599323
0.70572759475
0.0485419646243
-0.712471790572
0.744483645215
-0.588954120217
-1.3947972279
0.12184159779
-0.350334680156
1.57496064621
-0.0576157742522
3.05337686163
0.252189458901
0.121655623897
0.420324338255
-0.250541942177
-0.219492506722
1.25630179286
-0.0219485512448
-0.703955815607
0.316831450823
1.36053653917
-0.148549863615
1.95984373922
-1.01327619233
-0.563559782264
-0.594112357776
0.780190607416
-0.119799869733
-0.615563221274
0.658411409118
-1.80508900965
-0.54160548072
-1.47554044076
-1.10958019472
-0.585357868263
-0.838334082903
-0.890287987741
-0.999705762904
1.18370929042
0.952171458832
1.40922284632
0.0709003344666
0.997237978922
-1.59175810685
0.00630145040968
-0.199564689008
0.656821598395
-0.28175432662
0.653549640275
-1.16768080862
3.00286052748
-0.465631836898
-1.30787318589
0.163797371069
0.730805951206
-0.367840109311
-1.34018942592
-2.80055324809
0.482530237985
-0.338537789092
-1.09772183429
-0.545097854042
-1.68655024696
-0.330905873678
-0.348413148455
-0.175633901154
-0.191440294652
-1.59398141121
-0.256283844797
0.724531742461
0.852026587533
-0.0864667182031
1.07309733555
1.54279492629
-1.00050278891
0.783318463247
-1.59756379322
-1.52288499108
0.683189776987
-0.0559804816548
0.784626285987
-0.466689311573
-0.425679088398
0.488292682677
0.601714629652
-0.116439597866
0.520838530341
-0.544975679796
0.970952879678
0.79330893782
0.498036920356
-0.389398768763
0.88412418717
-1.14472936762
-0.880946498932
0.868265902846
1.07521189032
0.805449573922
0.2909661892
-0.590241262843
-0.72784693252
-0.243634267688
-0.299020774262
-1.25168464248
0.545587585695
1.00864502815
1.15403703462
-0.407482864954
0.922671706469
0.480761282655
-0.789962859881
1.66907228449
1.01214391971
-0.506919522893
0.996244622386
-0.184758329226
-0.545506268396
-1.35039678401
1.01311078964
-0.921688091393
-1.50672104932
-1.02261911715
0.145376089425
-0.508405319299
0.49736123052
0.43499680514
-1.1291347547
-0.329481777257
0.590085591327
-1.10935775348
-0.084356658277
1.04851356575
-1.64266263095
-0.294005677465
2.11663267118
-0.454048233831
0.428114380853
-0.632506753789
1.47658718258
-1.09550424833
-1.47471969342
1.26937682405
-0.87963084627
-1.50177642225
0.138045366764
0.856490448722
-2.33727650933
-1.75039276664
-0.802091169292
0.265941615021
0.780516684597
-1.30827517679
1.03431823705
0.245035835181
-0.603896288788
-0.24568795322
1.6594255188
1.90146540153
0.394129504864
0.177155581787
-1.82137470118
0.556051558494
-1.73009749412
0.234577828733
-0.494489576954
-0.856633081047
-0.360351313668
1.20117157886
0.845910536189
0.280567805629
0.377922268485
0.0469713076338
-1.54148897613
-0.744858212521
1.5426881365
0.62570969646
0.207448707705
-1.61214814939
-0.0594113944097
1.00111400597
0.567068223404
-1.53676064295
0.585933673871
-2.38829425963
-0.354173577257
0.421883508343
0.637177038649
1.51640592317
-1.27066905239
-1.54794992656
0.240826084678
1.02614767943
1.6239013497
0.36803406029
0.468116391901
-1.76461757364
1.06061083639
0.0803272283427
0.294605673883
-0.916461461388
-0.352323843973
-1.51230270987
-0.111926456987
0.396956923172
0.585330626681
1.93156410286
-0.883551472595
-0.631343545808
-2.17112614778
2.0604913741
0.555196640274
0.589589583073
-0.50550382438
0.773215062541
-1.56129224817
-0.980701804343
-0.511253954278
1.55803269546
0.267621182858
-0.285097187947
0.623002857794
-2.53085732883
1.22326276881
-0.176138818754
-0.0174314894885
0.496211629104
0.320699752668
0.772271655327
0.140515175588
0.621760114972
-0.592014728298
-1.24260133774
-1.85155703931
-0.413250401339
1.72396879892
1.72396879892
1.72396879892
1.72396879892
1.72396879892
1.72396879892
1.72396879892
1.72396879892
1.72396879892
1.72396879892
1.72396879892
1.72396879892
1.72396879892
1.72396879892
1.72396879892
1.72396879892
1.72396879892
1.72396879892
1.72396879892
1.72396879892
1.72396879892
soft
2
20
-0.180028569639
0.18011433985
-0.694043806424
2.90679959783
1.94200893824
0.309782064926
0.698856979618
-2.48852439486
0.103489003672
-1.29391323374
1.14095851732
-0.111893582573
-0.416522383227
0.218341359893
0.528322994469
-1.04923557234
-0.734699010344
0.656391357065
1.27533845853
1.15345513751
1.58169274111
-2.15167498074
-1.62801528293
-0.0399069325394
0.241544683311
-0.232076664593
-0.165695872264
1.16557994307
0.654901374059
1.16971245662
-2.66374141919
-2.02479205814
-2.25109569995
-0.725743563011
1.11357743843
1.03319952306
-1.21332759279
-1.08393364991
1.31338339067
-0.874048049597
-0.874048049597
-0.874048049597
